recall:  0.9442789034564958;;0.21777777777777776
 accuracy: 0.7906484962406015
precision: 0.8182287632326362;;0.5117493472584856
NUMBER WORD ASSIGNED TO SENTI-TOPIC : 260
NUMBER WORD ASSIGNED TO NON-SENTI-TOPIC : 1522
Timerun : 812.21375