recall:  0.9527394395650356;;0.23935091277890466
 accuracy: 0.8307905686546463
precision: 0.8586505842442518;;0.5108225108225108
NUMBER WORD ASSIGNED TO SENTI-TOPIC : 574
NUMBER WORD ASSIGNED TO NON-SENTI-TOPIC : 3050
Timerun : 491.82693