recall:  0.838810641627543;;0.5390625
 accuracy: 0.7262952101661779
precision: 0.7517531556802244;;0.667741935483871
NUMBER WORD ASSIGNED TO SENTI-TOPIC : 2221
NUMBER WORD ASSIGNED TO NON-SENTI-TOPIC : 103452