recall:  0.9811380567443335;;0.09736123748862602
 accuracy: 0.8500269978401728
precision: 0.8618769145084935;;0.47345132743362833
NUMBER WORD ASSIGNED TO SENTI-TOPIC : 114
NUMBER WORD ASSIGNED TO NON-SENTI-TOPIC : 961
Timerun : 2898.1685