recall:  0.8784009429329143;;0.489267340784105
 accuracy: 0.8177722498618021
precision: 0.9030900767470041;;0.4261433868974042
NUMBER WORD ASSIGNED TO SENTI-TOPIC : 2613
NUMBER WORD ASSIGNED TO NON-SENTI-TOPIC : 21830